197
103
141
25
172
190
136
239
88
70
232
90
243
133
196
247
241
210
136
219
150
198
71
63
117
225
8
67
90
73
152
112
8
212
102
127
166
155
143
180
177
43
230
24
200
58
133
59
129
164
183
224
152
107
194
76
224
170
76
94
167
152
26
82
90
224
157
121
172
135
58
159
53
179
213
24
24
250
173
56
109
154
239
99
144
199
21
9
19
238
221
113
225
156
227
90
245
91
192
204
78
215
68
46
218
113
91
144
10
198
123
169
152
233
77
144
128
174
108
153
91
3
8
179
46
247
94
196
183
31
144
227
81
165
96
178
18
70
113
173
149
110
126
213
62
106
177
248
170
109